136
319
846
319
319
727
319
319
618
926
319
319
319
319
319
319
772
319
346
319
319
456
319
319
903
800
244
37
319
319
811
319
198
119
651
319
281
780
319
333
41
319
961
319
319
319
319
319
990
319
475
319
319
133
816
319
319
319
464
483
319
319
319
528
319
949
676
633
862
819
319
641
319
738
558
319
319
319
556
460
413
881
319
541
319
23
453
668
806
76
623
865
950
109
319
319
321
319
171
309
319
619
275
319
708
319
319
319
481
611
824
804
959
319
256
289
319
319
319
105
319
319
809
319
319
319
319
771
319
319
319
319
319
844
319
538
634
319
319
319
319
319
319
68
319
319
49
319
475
480
418
250
319
319
319
319
319
724
485
2
706
316
45
319
728
640
999
95
319
141
319
997
762
356
319
351
10
461
319
292
101
437
319
839
319
264
319
319
319
394
866
319
319
920
762
319
319
684
836
319
319
319
942
319
319
670
927
319
885
134
319
319
319
319
319
472
319
319
319
319
319
795
391
319
721
319
319
952
319
624
517
319
319
312
319
114
977
319
319
319
319
856
319
901
319
319
677
458
319
319
319
808
647
366
454
319
299
776
319
762
319
273
319
588
135
921
74
319
848
777
319
720
319
319
102
212
20
909
906
319
880
799
747
319
319
773
736
319
319
319
319
319
776
985
593
319
6
319
319
731
555
889
319
315
319
441
319
319
319
319
319
319
319
320
319
5
319
319
319
319
13
193
319
493
656
319
652
319
319
319
934
319
319
319
319
247
760
372
757
566
319
319
319
803
319
619
319
833
153
319
319
722
319
319
742
319
319
319
121
319
319
692
319
319
319
951
557
948
763
679
319
319
319
319
319
875
905
870
319
319
234
319
343
319
319
959
526
319
319
319
622
319
894
319
319
319
732
319
319
319
19
319
319
319
584
319
245
319
319
319
709
319
884
719
319
522
353
319
319
889
840
319
874
319
319
319
378
697
831
319
319
191
500
319
544
608
801
319
129
117
319
861
319
319
319
319
319
807
816
319
319
319
305
65
319
319
436
15
319
319
744
754
805
319
674
609
319
319
319
319
319
319
319
845
994
957
319
199
144
505
711
468
319
895
319
306
319
696
319
319
30
879
663
319
410
115
319
969
416
319
849
319
319
319
322
319
319
319
319
741
319
708
840
319
984
319
581
299
319
319
213
478
319
818
970
319
47
691
374
867
957
667
319
529
319
319
195
344
319
495
971
723
67
777
319
319
5
319
138
341
954
319
946
319
319
829
668
319
784
488
224
871
319
538
636
341
782
319
981
319
118
21
358
319
902
183
352
672
319
477
626
869
178
636
223
319
747
319
274
858
319
319
319
319
76
319
565
319
980
383
554
319
947
530
319
632
66
47
319
757
459
319
319
319
659
726
479
147
319
786
319
799
319
633
319
112
319
319
319
561
622
319
695
319
196
319
319
319
878
319
941
319
890
319
319
319
326
793
683
319
812
550
319
705
319
319
319
319
850
319
782
319
319
837
433
835
319
319
661
740
319
938
915
222
675
319
319
319
319
982
665
51
319
319
319
97
128
98
498
131
955
554
17
319
319
170
525
594
651
319
694
319
319
319
319
52
319
319
319
319
319
319
652
302
582
319
723
620
319
455
502
547
842
616
319
319
319
319
319
389
169
34
671
895
633
319
802
590
655
429
319
319
376
797
319
779
319
319
683
968
535
319
319
564
319
847
319
319
319
319
17
319
319
496
717
573
152
515
845
647
319
373
319
319
613
79
824
319
846
712
594
139
511
319
852
319
908
381
319
319
923
319
319
319
492
585
319
42
319
319
350
319
319
319
319
768
605
66
598
319
319
627
319
891
319
319
319
319
319
703
322
838
319
319
319
176
148
633
887
365
319
319
638
319
319
319
319
608
482
319
319
319
319
607
899
3
254
319
625
295
319
319
319
319
444
669
683
770
319
154
319
319
245
798
542
319
319
653
319
319
167
319
249
319
588
319
932
288
319
319
195
571
319
87
294
626
319
969
807
319
362
223
319
975
319
319
319
474
63
71
210
85
319
319
319
319
319
639
577
307
340
447
642
828
843
319
319
319
319
718
883
633
319
964
287
572
989
319
165
319
319
297
702
319
684
317
319
319
559
319
421
633
669
319
61
548
504
319
319
319
319
653
539
319
450
480
355
319
774
319
4
606
408
88
496
319
319
978
319
319
319
792
583
508
789
380
963
319
419
319
461
319
319
690
876
319
319
851
900
319
0
403
58
841
473
319
319
319
319
863
628
319
239
319
319
160
790
390
660
319
319
319
319
319
319
911
14
295
834
319
645
319
319
459
592
319
257
680
287
319
319
162
319
319
319
319
319
58
319
319
953
319
567
161
319
319
319
319
399
319
612
319
560
617
319
319
319
319
761
687
681
745
319
319
319
319
612
319
319
319
922
319
319
580
469
319
319
937
503
395
319
319
825
953
397
319
319
237
657
429
236
575
919
319
319
319
171
562
319
319
918
431
54
319
319
972
63
319
319
662
422
586
693
412
319
319
326
539
319
319
40
826
319
576
493
319
637
513
657
675
428
892
961
50
913
872
246
831
319
319
319
319
319
319
536
319
319
685
319
319
734
518
319
319
417
319
319
406
319
319
4
319
319
228
653
319
979
319
387
658
319
817
524
319
767
436
256
319
319
319
319
319
319
319
882
917
319
319
543
319
423
319
319
528
384
644
319
319
319
14
504
229
231
944
339
396
574
823
319
9
752
542
8
725
319
209
319
319
319
319
319
319
492
701
46
547
986
319
60
319
319
709
599
319
672
319
319
650
319
974
319
83
933
629
520
319
196
886
70
319
319
319
319
788
430
462
832
324
904
319
962
319
319
797
610
319
420
967
611
689
319
319
600
26
434
319
319
822
319
476
320
319
319
728
48
140
319
319
825
992
319
598
319
735
424
336
319
319
666
319
269
362
621
452
504
928
745
319
319
319
591
319
319
319
319
319
319
732
319
319
413
156
319
373
356
319
319
940
319
185
319
282
319
432
902
319
432
319
319
319
998
759
6
396
544
319
319
319
319
93
360
272
958
319
410
319
246
7
839
398
319
883
794
282
319
319
319
319
38
319
319
319
319
103
490
607
319
877
595
319
319
319
319
484
319
319
765
319
861
510
487
942
936
319
930
319
596
512
537
796
77
553
319
319
319
319
319
683
759
319
319
319
319
319
470
685
319
319
783
319
319
633
439
268
319
993
306
99
319
753
755
319
814
868
519
999
987
319
973
551
319
645
319
150
319
273
319
775
319
415
319
319
319
334
392
528
319
547
319
245
756
602
389
160
439
319
241
319
319
319
319
739
163
319
960
319
319
319
91
552
463
394
319
319
509
192
319
749
319
319
183
791
319
35
799
916
84
534
319
319
772
319
319
319
319
319
696
487
319
319
31
132
149
8
540
319
319
494
3
130
791
328
549
319
854
168
319
841
80
348
501
467
855
377
529
750
16
319
530
319
291
319
319
623
319
56
653
457
319
857
197
883
448
532
319
914
996
319
319
324
319
678
319
778
514
67
319
827
356
569
319
319
319
737
312
438
84
319
319
340
319
319
449
575
319
307
751
578
319
319
70
785
319
319
319
342
319
921
319
283
10
543
319
41
694
319
319
319
319
388
319
59
24
319
319
781
767
319
319
671
624
427
328
319
857
945
319
186
319
319
319
820
340
319
319
907
319
319
215
931
265
319
319
19
319
319
445
319
319
319
319
481
319
319
319
452
319
319
700
319
30
319
55
435
319
253
531
319
850
445
682
965
319
810
991
604
497
319
157
502
621
54
310
319
216
898
319
319
79
661
319
486
934
924
22
859
382
319
319
716
319
319
929
892
178
319
38
346
507
319
937
319
25
116
319
158
815
546
319
172
319
319
812
319
977
570
319
614
319
451
319
319
635
3
440
873
746
319
762
181
155
319
910
877
398
664
590
114
319
23
171
976
896
568
733
589
860
471
860
280
269
319
111
319
75
688
319
319
113
319
319
319
912
966
319
319
713
319
943
319
897
251
319
319
211
730
83
813
698
903
2
319
319
615
756
864
319
853
956
523
179
830
319
319
319
319
319
466
319
699
319
760
187
323
107
793
284
319
654
319
560
319
319
334
319
336
319
975
545
319
729
319
319
319
386
201
319
319
319
319
230
319
319
89
397
183
406
636
319
319
447
319
319
319
995
151
632
319
142
319
435
631
704
355
587
319
319
319
319
319
232
758
319
94
221
319
115
821
925
319
203
319
319
65
319
407
673
265
521
24
319
769
341
32
64
319
214
400
166
174
104
106
375
175
12
707
335
278
319
100
81
370
53
145
11
363
359
988
357
319
443
189
120
208
180
766
125
238
146
205
279
86
345
748
338
714
506
319
516
285
319
177
347
710
367
18
563
124
465
137
182
190
202
184
252
259
939
405
219
301
499
159
44
319
319
57
243
18
298
319
33
28
371
319
489
393
27
36
286
425
300
18
983
402
110
603
263
296
409
233
303
122
62
242
364
270
304
579
319
226
601
764
893
349
277
127
72
293
188
92
401
290
271
126
329
39
337
18
143
123
643
319
235
225
261
194
204
255
319
327
491
82
330
227
90
319
108
404
266
426
313
96
354
319
276
385
414
318
442
648
379
369
207
319
73
331
446
935
743
888
1
262
630
78
206
686
69
18
217
787
325
649
260
533
240
319
43
361
715
220
200
267
308
319
411
173
319
164
248
368
258
29
311
597
332
646
314
218
319
527
